Epoch:1
mAP: 0
AP_50: 0
AP_75: 0
AP_small: 0
AP_m: 0
AP_l: 0
Epoch:2
mAP: 0.5946976378833491
AP_50: 0.9505609218575976
AP_75: 0.7416521161725556
AP_small: -1.0
AP_m: 0.6390929787186161
AP_l: 0.4521588349526925
Epoch:4
mAP: 0.7557510093360591
AP_50: 0.9950205583121959
AP_75: 0.9182442866813499
AP_small: -1.0
AP_m: 0.7956841083119804
AP_l: 0.5480841832442191
Epoch:5
mAP: 0.7702612688755969
AP_50: 0.9913336523290409
AP_75: 0.9460814566526872
AP_small: -1.0
AP_m: 0.8046482131765927
AP_l: 0.6026271755591889
