Epoch:1
mAP: 0.42603295658333895
AP_50: 0.8731461434075102
AP_75: 0.24854457860260978
AP_small: -1.0
AP_m: 0.47342415881329925
AP_l: 0.09903424820381142
Epoch:2
mAP: 0.6078616818935949
AP_50: 0.8757808139189706
AP_75: 0.7906229739356199
AP_small: -1.0
AP_m: 0.7119553199848848
AP_l: 0.07568461470884473
Epoch:3
mAP: 0.7056567814904091
AP_50: 0.9925044636824897
AP_75: 0.900704102764444
AP_small: -1.0
AP_m: 0.7330066373158323
AP_l: 0.4729367429991767
Epoch:4
mAP: 0.7670659857538765
AP_50: 0.997024310972793
AP_75: 0.9154799402681761
AP_small: -1.0
AP_m: 0.803237814480583
AP_l: 0.4579778699357178
